$$AK25$$|1|121287|485235|POINT (121287.0 485245.0)
$$AK26$$|2|121308|485168|POINT (121308.0 485178.0)
$$AE58$$|3|120264|486119|POINT (120264.0 486129.0)
$$AK28$$|4|121438|485555|POINT (121438.0 485565.0)
$$AE60$$|5|120376|486082|POINT (120376.0 486092.0)
$$AJ01$$|6|120450|485962|POINT (120450.0 485972.0)
$$AK30$$|7|121475|485479|POINT (121475.0 485489.0)
$$AK31$$|8|121497|485428|POINT (121497.0 485438.0)
$$AJ02$$|9|120674|486056|POINT (120674.0 486066.0)
$$AK35$$|10|121714|485524|POINT (121714.0 485534.0)
$$AK36$$|11|121736|485469|POINT (121736.0 485479.0)
$$AH02$$|12|120213|485790|POINT (120213.0 485800.0)
$$AH05$$|13|120088|485696|POINT (120088.0 485706.0)
$$AE01$$|14|119017|486078|POINT (119017.0 486088.0)
$$AE02$$|15|119177|486141|POINT (119177.0 486151.0)
$$AE03$$|16|119301|486189|POINT (119301.0 486199.0)
$$AE04$$|17|119467|486253|POINT (119467.0 486263.0)
$$AH06$$|18|120198|485742|POINT (120198.0 485752.0)
$$AH07$$|19|119706|485463|POINT (119706.0 485473.0)
$$AH08$$|20|119930|485568|POINT (119930.0 485578.0)
$$AE05$$|21|118962|485985|POINT (118962.0 485995.0)
$$AE06$$|22|119082|486038|POINT (119082.0 486048.0)
$$AE07$$|23|119199|486083|POINT (119199.0 486093.0)
$$AE08$$|24|119323|486131|POINT (119323.0 486141.0)
$$AE09$$|25|119489|486196|POINT (119489.0 486206.0)
$$AE10$$|26|118893|485887|POINT (118893.0 485897.0)
$$AH09$$|27|120177|485669|POINT (120177.0 485679.0)
$$AH11$$|28|119738|485400|POINT (119738.0 485410.0)
$$AE11$$|29|118832|485763|POINT (118832.0 485773.0)
$$AE12$$|30|119015|485929|POINT (119015.0 485939.0)
$$AE13$$|31|118973|485798|POINT (118973.0 485808.0)
$$AE14$$|32|119114|485957|POINT (119114.0 485967.0)
$$AE15$$|33|119140|485869|POINT (119140.0 485879.0)
$$AH12$$|34|119961|485497|POINT (119961.0 485507.0)
$$AH13$$|35|120208|485604|POINT (120208.0 485614.0)
$$AH14$$|36|119767|485339|POINT (119767.0 485349.0)
$$AH15$$|37|119930|485409|POINT (119930.0 485419.0)
$$AE16$$|38|119219|486028|POINT (119219.0 486038.0)
$$AE17$$|39|119344|486078|POINT (119344.0 486088.0)
$$AE18$$|40|119511|486142|POINT (119511.0 486152.0)
$$AE19$$|41|119233|485972|POINT (119233.0 485982.0)
$$AE20$$|42|119370|486027|POINT (119370.0 486037.0)
$$AE21$$|43|119533|486089|POINT (119533.0 486099.0)
$$AF02$$|44|118713|485216|POINT (118713.0 485226.0)
$$AF03$$|45|118712|485155|POINT (118712.0 485165.0)
$$AF04$$|46|118706|485090|POINT (118706.0 485100.0)
$$AH16$$|47|119789|485283|POINT (119789.0 485293.0)
$$AH17$$|48|119955|485353|POINT (119955.0 485363.0)
$$AH18$$|49|120074|485440|POINT (120074.0 485450.0)
$$AH19$$|50|120196|485527|POINT (120196.0 485537.0)
$$AH20$$|51|120215|485469|POINT (120215.0 485479.0)
$$AH21$$|52|120311|485554|POINT (120311.0 485564.0)
$$AJ24$$|53|120647|485274|POINT (120647.0 485284.0)
$$AE22$$|54|119261|485918|POINT (119261.0 485928.0)
$$AE23$$|55|119386|485966|POINT (119386.0 485976.0)
$$AE24$$|56|119532|486020|POINT (119532.0 486030.0)
$$AF05$$|57|118692|485007|POINT (118692.0 485017.0)
$$AF06$$|58|118736|484964|POINT (118736.0 484974.0)
$$AF07$$|59|118594|484842|POINT (118594.0 484852.0)
$$AF08$$|60|118659|484852|POINT (118659.0 484862.0)
$$AH22$$|61|120352|485615|POINT (120352.0 485625.0)
$$AH23$$|62|120353|485485|POINT (120353.0 485495.0)
$$AH24$$|63|119819|485220|POINT (119819.0 485230.0)
$$AJ27$$|64|120665|485206|POINT (120665.0 485216.0)
$$AJ28$$|65|120812|485251|POINT (120812.0 485261.0)
$$AJ29$$|66|120705|485158|POINT (120705.0 485168.0)
$$AJ30$$|67|120823|485191|POINT (120823.0 485201.0)
$$AJ31$$|68|120734|485103|POINT (120734.0 485113.0)
$$AE26$$|69|119803|486130|POINT (119803.0 486140.0)
$$AE28$$|70|120056|486236|POINT (120056.0 486246.0)
$$AE29$$|71|120072|486514|POINT (120072.0 486524.0)
$$AF09$$|72|118770|484902|POINT (118770.0 484912.0)
$$AH25$$|73|119981|485289|POINT (119981.0 485299.0)
$$AH26$$|74|120113|485345|POINT (120113.0 485355.0)
$$AH27$$|75|120245|485399|POINT (120245.0 485409.0)
$$AJ32$$|76|120824|485112|POINT (120824.0 485122.0)
$$AE30$$|77|120156|486553|POINT (120156.0 486563.0)
$$AE31$$|78|120240|486591|POINT (120240.0 486601.0)
$$AE32$$|79|120099|486452|POINT (120099.0 486462.0)
$$AE33$$|80|120184|486494|POINT (120184.0 486504.0)
$$AE34$$|81|120277|486537|POINT (120277.0 486547.0)
$$AE35$$|82|120121|486397|POINT (120121.0 486407.0)
$$AK03$$|83|121116|485664|POINT (121116.0 485674.0)
$$AK04$$|84|120983|485599|POINT (120983.0 485609.0)
$$AK05$$|85|121112|485586|POINT (121112.0 485596.0)
$$AE36$$|86|120209|486439|POINT (120209.0 486449.0)
$$AE37$$|87|120303|486483|POINT (120303.0 486493.0)
$$AE38$$|88|120145|486343|POINT (120145.0 486353.0)
$$AE39$$|89|120273|486402|POINT (120273.0 486412.0)
$$AE40$$|90|120233|486312|POINT (120233.0 486322.0)
$$AK06$$|91|120979|485534|POINT (120979.0 485544.0)
$$AK07$$|92|121105|485521|POINT (121105.0 485531.0)
$$AK08$$|93|120978|485469|POINT (120978.0 485479.0)
$$AK09$$|94|121098|485457|POINT (121098.0 485467.0)
$$AK11$$|95|121082|485401|POINT (121082.0 485411.0)
$$AE44$$|96|119051|485709|POINT (119051.0 485719.0)
$$AE45$$|97|119090|485725|POINT (119090.0 485735.0)
$$AK12$$|98|120973|485344|POINT (120973.0 485354.0)
$$AK13$$|99|121077|485351|POINT (121077.0 485361.0)
$$AK14$$|100|121033|485289|POINT (121033.0 485299.0)
$$AE46$$|101|119134|485742|POINT (119134.0 485752.0)
$$AE47$$|102|119176|485780|POINT (119176.0 485790.0)
$$AE48$$|103|119320|485816|POINT (119320.0 485826.0)
$$AK18$$|104|121126|485129|POINT (121126.0 485139.0)
$$AK20$$|105|121237|485508|POINT (121237.0 485518.0)
$$AE50$$|106|119721|485959|POINT (119721.0 485969.0)
$$AE52$$|107|119885|486054|POINT (119885.0 486064.0)
$$AE53$$|108|120092|486140|POINT (120092.0 486150.0)
$$AK23$$|109|121252|485348|POINT (121252.0 485358.0)
$$AK24$$|110|121267|485299|POINT (121267.0 485309.0)
$$AE57$$|111|120287|486224|POINT (120287.0 486234.0)
$$AC08$$|112|120024|487967|POINT (120024.0 487977.0)
$$AC12$$|113|119987|487836|POINT (119987.0 487846.0)
$$AD58$$|114|119906|486641|POINT (119906.0 486651.0)
$$AD59$$|115|119941|486555|POINT (119941.0 486565.0)
$$AD60$$|116|119988|486678|POINT (119988.0 486688.0)
$$AD61$$|117|120023|486593|POINT (120023.0 486603.0)
$$AD62$$|118|120093|486725|POINT (120093.0 486735.0)
$$AB01$$|119|119828|488702|POINT (119828.0 488712.0)
$$AB02$$|120|119953|488712|POINT (119953.0 488722.0)
$$AB03$$|121|120072|488714|POINT (120072.0 488724.0)
$$AB06$$|122|119844|488636|POINT (119844.0 488646.0)
$$AC14$$|123|120112|487778|POINT (120112.0 487788.0)
$$AC15$$|124|120177|487752|POINT (120177.0 487762.0)
$$AC16$$|125|119912|487663|POINT (119912.0 487673.0)
$$AD63$$|126|120128|486641|POINT (120128.0 486651.0)
$$AD64$$|127|120177|486763|POINT (120177.0 486773.0)
$$AD65$$|128|120202|486675|POINT (120202.0 486685.0)
$$AB07$$|129|119956|488657|POINT (119956.0 488667.0)
$$AB08$$|130|120073|488660|POINT (120073.0 488670.0)
$$AB10$$|131|119860|488576|POINT (119860.0 488586.0)
$$AB11$$|132|119962|488602|POINT (119962.0 488612.0)
$$AB13$$|133|119981|488550|POINT (119981.0 488560.0)
$$AB14$$|134|120065|488595|POINT (120065.0 488605.0)
$$AC17$$|135|119965|487647|POINT (119965.0 487657.0)
$$AC18$$|136|120047|487613|POINT (120047.0 487623.0)
$$AC19$$|137|120114|487586|POINT (120114.0 487596.0)
$$AB15$$|138|119887|488467|POINT (119887.0 488477.0)
$$AB16$$|139|120009|488501|POINT (120009.0 488511.0)
$$AB17$$|140|120116|488557|POINT (120116.0 488567.0)
$$AB20$$|141|119708|488342|POINT (119708.0 488352.0)
$$AB21$$|142|119726|488258|POINT (119726.0 488268.0)
$$AC23$$|143|119993|487473|POINT (119993.0 487483.0)
$$AB23$$|144|119900|488414|POINT (119900.0 488424.0)
$$AB24$$|145|120039|488452|POINT (120039.0 488462.0)
$$AB28$$|146|119916|488356|POINT (119916.0 488366.0)
$$AB29$$|147|120023|488390|POINT (120023.0 488400.0)
$$AB30$$|148|119927|488297|POINT (119927.0 488307.0)
$$AC24$$|149|120024|487423|POINT (120024.0 487433.0)
$$AB31$$|150|120074|488360|POINT (120074.0 488370.0)
$$AB32$$|151|120195|488480|POINT (120195.0 488490.0)
$$AB38$$|152|119948|488170|POINT (119948.0 488180.0)
$$AD02$$|153|119585|487132|POINT (119585.0 487142.0)
$$AD04$$|154|119889|487236|POINT (119889.0 487246.0)
$$AD05$$|155|120017|487276|POINT (120017.0 487286.0)
$$AD06$$|156|119736|487150|POINT (119736.0 487160.0)
$$AD07$$|157|119482|486992|POINT (119482.0 487002.0)
$$AD08$$|158|119451|486888|POINT (119451.0 486898.0)
$$AD11$$|159|119586|486942|POINT (119586.0 486952.0)
$$AD12$$|160|119635|487001|POINT (119635.0 487011.0)
$$AD13$$|161|119672|486899|POINT (119672.0 486909.0)
$$AD14$$|162|119744|487075|POINT (119744.0 487085.0)
$$AD15$$|163|119769|486979|POINT (119769.0 486989.0)
$$AD16$$|164|119857|487035|POINT (119857.0 487045.0)
$$AD17$$|165|119963|487129|POINT (119963.0 487139.0)
$$AD18$$|166|120035|487155|POINT (120035.0 487165.0)
$$AD19$$|167|119975|487021|POINT (119975.0 487031.0)
$$AD20$$|168|120056|487051|POINT (120056.0 487061.0)
$$AD23$$|169|119541|486867|POINT (119541.0 486877.0)
$$AD27$$|170|119471|486723|POINT (119471.0 486733.0)
$$AD28$$|171|119561|486783|POINT (119561.0 486793.0)
$$AD31$$|172|119490|486653|POINT (119490.0 486663.0)
$$AD32$$|173|119193|486467|POINT (119193.0 486477.0)
$$AD33$$|174|119348|486523|POINT (119348.0 486533.0)
$$AD34$$|175|119524|486584|POINT (119524.0 486594.0)
$$AA31$$|176|120606|488949|POINT (120606.0 488959.0)
$$AD37$$|177|119843|486791|POINT (119843.0 486801.0)
$$AD38$$|178|119923|486833|POINT (119923.0 486843.0)
$$AD39$$|179|120029|486878|POINT (120029.0 486888.0)
$$AD40$$|180|120104|486905|POINT (120104.0 486915.0)
$$AC02$$|181|120149|488166|POINT (120149.0 488176.0)
$$AC04$$|182|120108|488104|POINT (120108.0 488114.0)
$$AC05$$|183|120198|488123|POINT (120198.0 488133.0)
$$AC07$$|184|120069|488045|POINT (120069.0 488055.0)
$$AD43$$|185|119090|486213|POINT (119090.0 486223.0)
$$BC19$$|186|118965|487076|POINT (118965.0 487086.0)
$$AQ23$$|187|124110|486197|POINT (124110.0 486207.0)
$$AQ24$$|188|124383|486209|POINT (124383.0 486219.0)
$$AQ25$$|189|124073|486135|POINT (124073.0 486145.0)
$$AQ26$$|190|124132|486097|POINT (124132.0 486107.0)
$$AQ27$$|191|124407|486141|POINT (124407.0 486151.0)
$$AQ29$$|192|124359|486087|POINT (124359.0 486097.0)
$$AQ31$$|193|124221|485969|POINT (124221.0 485979.0)
$$AQ45$$|194|124385|485709|POINT (124385.0 485719.0)
$$AQ46$$|195|124528|485743|POINT (124528.0 485753.0)
$$AR02$$|196|124731|486590|POINT (124731.0 486600.0)
$$AR09$$|197|124903|486442|POINT (124903.0 486452.0)
$$AR10$$|198|124572|486353|POINT (124572.0 486363.0)
$$AR11$$|199|124714|486386|POINT (124714.0 486396.0)
$$AR14$$|200|124842|486330|POINT (124842.0 486340.0)
$$AR15$$|201|124909|486366|POINT (124909.0 486376.0)
$$AR16$$|202|124963|486354|POINT (124963.0 486364.0)
$$AR19$$|203|124546|486177|POINT (124546.0 486187.0)
$$AR20$$|204|124665|486241|POINT (124665.0 486251.0)
$$AR21$$|205|124676|486148|POINT (124676.0 486158.0)
$$AR22$$|206|124814|486194|POINT (124814.0 486204.0)
$$AR24$$|207|124696|486060|POINT (124696.0 486070.0)
$$AR26$$|208|124796|485998|POINT (124796.0 486008.0)
$$AR27$$|209|124873|486095|POINT (124873.0 486105.0)
$$AR29$$|210|124869|485978|POINT (124869.0 485988.0)
$$AR33$$|211|124753|485769|POINT (124753.0 485779.0)
$$AR36$$|212|124597|486509|POINT (124597.0 486519.0)
$$AR37$$|213|124598|486464|POINT (124598.0 486474.0)
$$BC08$$|214|119141|487441|POINT (119141.0 487451.0)
$$BC09$$|215|119210|487381|POINT (119210.0 487391.0)
$$AR38$$|216|124768|486505|POINT (124768.0 486515.0)
$$AR41$$|217|124606|485957|POINT (124606.0 485967.0)
$$AQ02$$|218|124316|486588|POINT (124316.0 486598.0)
$$AQ03$$|219|124180|486532|POINT (124180.0 486542.0)
$$AO28$$|220|123382|485285|POINT (123382.0 485295.0)
$$AO29$$|221|123482|485329|POINT (123482.0 485339.0)
$$AO30$$|222|123531|485376|POINT (123531.0 485386.0)
$$AQ06$$|223|124335|486498|POINT (124335.0 486508.0)
$$AQ07$$|224|124381|486498|POINT (124381.0 486508.0)
$$AQ09$$|225|124429|486449|POINT (124429.0 486459.0)
$$AQ10$$|226|124476|486450|POINT (124476.0 486460.0)
$$AQ11$$|227|124360|486413|POINT (124360.0 486423.0)
$$AN04$$|228|122582|485753|POINT (122582.0 485763.0)
$$AN05$$|229|122790|485916|POINT (122790.0 485926.0)
$$AO31$$|230|123626|485420|POINT (123626.0 485430.0)
$$AQ15$$|231|124116|486392|POINT (124116.0 486402.0)
$$AQ16$$|232|124260|486393|POINT (124260.0 486403.0)
$$AQ17$$|233|124086|486327|POINT (124086.0 486337.0)
$$AN06$$|234|122677|485836|POINT (122677.0 485846.0)
$$AN07$$|235|122725|485802|POINT (122725.0 485812.0)
$$AN08$$|236|122833|485859|POINT (122833.0 485869.0)
$$AN09$$|237|123187|485961|POINT (123187.0 485971.0)
$$AO34$$|238|123392|485178|POINT (123392.0 485188.0)
$$AO35$$|239|123527|485267|POINT (123527.0 485277.0)
$$AO36$$|240|123632|485347|POINT (123632.0 485357.0)
$$AQ18$$|241|124325|486336|POINT (124325.0 486346.0)
$$AQ19$$|242|124100|486256|POINT (124100.0 486266.0)
$$AQ20$$|243|124334|486268|POINT (124334.0 486278.0)
$$AQ21$$|244|124441|486269|POINT (124441.0 486279.0)
$$AQ22$$|245|124482|486269|POINT (124482.0 486279.0)
$$AN16$$|246|122605|485695|POINT (122605.0 485705.0)
$$AN18$$|247|122631|485632|POINT (122631.0 485642.0)
$$AP02$$|248|123802|486580|POINT (123802.0 486590.0)
$$AP04$$|249|123552|486443|POINT (123552.0 486453.0)
$$AP05$$|250|123635|486483|POINT (123635.0 486493.0)
$$AP06$$|251|123515|486371|POINT (123515.0 486381.0)
$$AP07$$|252|123683|486429|POINT (123683.0 486439.0)
$$AK37$$|253|121768|485399|POINT (121768.0 485409.0)
$$AK38$$|254|121801|485329|POINT (121801.0 485339.0)
$$AL53$$|255|122030|485229|POINT (122030.0 485239.0)
$$AN19$$|256|122652|485572|POINT (122652.0 485582.0)
$$AN21$$|257|122685|485501|POINT (122685.0 485511.0)
$$AP08$$|258|123517|486306|POINT (123517.0 486316.0)
$$AK40$$|259|121874|485597|POINT (121874.0 485607.0)
$$AK41$$|260|121893|485541|POINT (121893.0 485551.0)
$$AK42$$|261|121922|485472|POINT (121922.0 485482.0)
$$AK43$$|262|121952|485405|POINT (121952.0 485415.0)
$$AN22$$|263|122839|485564|POINT (122839.0 485574.0)
$$AN23$$|264|122954|485613|POINT (122954.0 485623.0)
$$AN24$$|265|123134|485688|POINT (123134.0 485698.0)
$$AP10$$|266|123533|486244|POINT (123533.0 486254.0)
$$AP12$$|267|123557|486181|POINT (123557.0 486191.0)
$$AK44$$|268|122012|485685|POINT (122012.0 485695.0)
$$AK45$$|269|122037|485607|POINT (122037.0 485617.0)
$$AN25$$|270|123328|485767|POINT (123328.0 485777.0)
$$AN26$$|271|123471|485828|POINT (123471.0 485838.0)
$$AN27$$|272|122728|485434|POINT (122728.0 485444.0)
$$AP13$$|273|123782|486257|POINT (123782.0 486267.0)
$$AP14$$|274|123576|486115|POINT (123576.0 486125.0)
$$AP16$$|275|123534|486010|POINT (123534.0 486020.0)
$$AK47$$|276|122082|485470|POINT (122082.0 485480.0)
$$AK48$$|277|120986|485165|POINT (120986.0 485175.0)
$$AK49$$|278|121110|485194|POINT (121110.0 485204.0)
$$AK50$$|279|120976|485224|POINT (120976.0 485234.0)
$$AK51$$|280|121093|485253|POINT (121093.0 485263.0)
$$AL01$$|281|120990|485015|POINT (120990.0 485025.0)
$$AN28$$|282|122874|485498|POINT (122874.0 485508.0)
$$AN29$$|283|122973|485542|POINT (122973.0 485552.0)
$$AN30$$|284|123160|485626|POINT (123160.0 485636.0)
$$AL02$$|285|120994|484947|POINT (120994.0 484957.0)
$$AL06$$|286|121143|485047|POINT (121143.0 485057.0)
$$AN32$$|287|123505|485774|POINT (123505.0 485784.0)
$$AN33$$|288|122785|485391|POINT (122785.0 485401.0)
$$AN34$$|289|122951|485464|POINT (122951.0 485474.0)
$$AN35$$|290|123187|485571|POINT (123187.0 485581.0)
$$AP21$$|291|123640|485964|POINT (123640.0 485974.0)
$$AP23$$|292|123667|485904|POINT (123667.0 485914.0)
$$AL07$$|293|121149|484975|POINT (121149.0 484985.0)
$$AN36$$|294|123374|485656|POINT (123374.0 485666.0)
$$AN37$$|295|123515|485715|POINT (123515.0 485725.0)
$$AN38$$|296|122943|485393|POINT (122943.0 485403.0)
$$AN39$$|297|123213|485517|POINT (123213.0 485527.0)
$$AP27$$|298|123682|485746|POINT (123682.0 485756.0)
$$AL12$$|299|121332|485087|POINT (121332.0 485097.0)
$$AN40$$|300|123466|485632|POINT (123466.0 485642.0)
$$AP31$$|301|123969|485836|POINT (123969.0 485846.0)
$$AL15$$|302|121387|484888|POINT (121387.0 484898.0)
$$AL18$$|303|121615|485160|POINT (121615.0 485170.0)
$$AL19$$|304|121542|485062|POINT (121542.0 485072.0)
$$AL20$$|305|121551|484995|POINT (121551.0 485005.0)
$$AM05$$|306|122303|485615|POINT (122303.0 485625.0)
$$AO03$$|307|122904|485025|POINT (122904.0 485035.0)
$$AM11$$|308|122413|485476|POINT (122413.0 485486.0)
$$AM14$$|309|122440|485326|POINT (122440.0 485336.0)
$$AO09$$|310|123115|485284|POINT (123115.0 485294.0)
$$AO15$$|311|123231|485316|POINT (123231.0 485326.0)
$$AP42$$|312|123710|485490|POINT (123710.0 485500.0)
$$AL29$$|313|121858|485214|POINT (121858.0 485224.0)
$$AM15$$|314|122558|485322|POINT (122558.0 485332.0)
$$AM16$$|315|122485|485265|POINT (122485.0 485275.0)
$$AM17$$|316|122548|485194|POINT (122548.0 485204.0)
$$AM19$$|317|122603|485088|POINT (122603.0 485098.0)
$$AO16$$|318|123337|485372|POINT (123337.0 485382.0)
$$AO17$$|319|123509|485449|POINT (123509.0 485459.0)
$$AO18$$|320|123624|485541|POINT (123624.0 485551.0)
$$AO19$$|321|122942|484876|POINT (122942.0 484886.0)
$$AP47$$|322|123724|485450|POINT (123724.0 485460.0)
$$AP48$$|323|123754|485419|POINT (123754.0 485429.0)
$$AL31$$|324|121847|485161|POINT (121847.0 485171.0)
$$AL32$$|325|121861|485122|POINT (121861.0 485132.0)
$$AM20$$|326|122643|484997|POINT (122643.0 485007.0)
$$AM21$$|327|122681|484883|POINT (122681.0 484893.0)
$$AM22$$|328|122715|484786|POINT (122715.0 484796.0)
$$AL37$$|329|121814|484956|POINT (121814.0 484966.0)
$$AM23$$|330|122737|484728|POINT (122737.0 484738.0)
$$AO26$$|331|123259|485255|POINT (123259.0 485265.0)
$$MD04$$|332|123512|485020|POINT (123512.0 485030.0)
$$MD05$$|333|123512|485123|POINT (123512.0 485133.0)
$$LK10$$|334|122343|484076|POINT (122343.0 484086.0)
$$LL01$$|335|121665|483883|POINT (121665.0 483893.0)
$$LL02$$|336|121729|483946|POINT (121729.0 483956.0)
$$LL03$$|337|121719|483829|POINT (121719.0 483839.0)
$$LL04$$|338|121780|483895|POINT (121780.0 483905.0)
$$LL05$$|339|121841|483890|POINT (121841.0 483900.0)
$$LL06$$|340|121898|483903|POINT (121898.0 483913.0)
$$MD17$$|341|123650|485023|POINT (123650.0 485033.0)
$$MD18$$|342|123608|485201|POINT (123608.0 485211.0)
$$LM01$$|343|122071|483968|POINT (122071.0 483978.0)
$$LM02$$|344|121964|483870|POINT (121964.0 483880.0)
$$LM03$$|345|122031|483849|POINT (122031.0 483859.0)
$$MD19$$|346|123647|485158|POINT (123647.0 485168.0)
$$MD20$$|347|123686|485117|POINT (123686.0 485127.0)
$$MD21$$|348|123731|485071|POINT (123731.0 485081.0)
$$LM04$$|349|122091|483844|POINT (122091.0 483854.0)
$$LM05$$|350|122163|483832|POINT (122163.0 483842.0)
$$LM06$$|351|122232|483871|POINT (122232.0 483881.0)
$$LE02$$|352|121635|484292|POINT (121635.0 484302.0)
$$LE03$$|353|121650|484224|POINT (121650.0 484234.0)
$$LN01$$|354|122530|484059|POINT (122530.0 484069.0)
$$LN02$$|355|122305|483887|POINT (122305.0 483897.0)
$$LE04$$|356|121658|484137|POINT (121658.0 484147.0)
$$LE05$$|357|121787|484047|POINT (121787.0 484057.0)
$$LF01$$|358|121889|484360|POINT (121889.0 484370.0)
$$LN03$$|359|122376|483882|POINT (122376.0 483892.0)
$$LN04$$|360|122434|483902|POINT (122434.0 483912.0)
$$LF03$$|361|121910|484271|POINT (121910.0 484281.0)
$$LF04$$|362|122047|484229|POINT (122047.0 484239.0)
$$LF05$$|363|121965|484056|POINT (121965.0 484066.0)
$$LF06$$|364|122061|484116|POINT (122061.0 484126.0)
$$LN05$$|365|122492|483922|POINT (122492.0 483932.0)
$$LN06$$|366|122531|484018|POINT (122531.0 484028.0)
$$LN07$$|367|122553|483929|POINT (122553.0 483939.0)
$$LA01$$|368|120942|484557|POINT (120942.0 484567.0)
$$LA02$$|369|121039|484549|POINT (121039.0 484559.0)
$$LA03$$|370|121139|484540|POINT (121139.0 484550.0)
$$LF08$$|371|122167|484163|POINT (122167.0 484173.0)
$$LF09$$|372|122185|484036|POINT (122185.0 484046.0)
$$LG01$$|373|121541|484505|POINT (121541.0 484515.0)
$$LG02$$|374|121628|484508|POINT (121628.0 484518.0)
$$LG03$$|375|121730|484548|POINT (121730.0 484558.0)
$$LG04$$|376|121734|484481|POINT (121734.0 484491.0)
$$LA05$$|377|121043|484435|POINT (121043.0 484445.0)
$$LA06$$|378|120916|484297|POINT (120916.0 484307.0)
$$LA07$$|379|121038|484367|POINT (121038.0 484377.0)
$$LA08$$|380|120974|484290|POINT (120974.0 484300.0)
$$LA09$$|381|121030|484285|POINT (121030.0 484295.0)
$$LH01$$|382|121863|484582|POINT (121863.0 484592.0)
$$LH02$$|383|121879|484524|POINT (121879.0 484534.0)
$$LH03$$|384|121870|484464|POINT (121870.0 484474.0)
$$LH04$$|385|121977|484607|POINT (121977.0 484617.0)
$$LA10$$|386|121086|484281|POINT (121086.0 484291.0)
$$LA11$$|387|121130|484264|POINT (121130.0 484274.0)
$$LC01$$|388|121340|484522|POINT (121340.0 484532.0)
$$LC02$$|389|121330|484409|POINT (121330.0 484419.0)
$$LH06$$|390|122073|484582|POINT (122073.0 484592.0)
$$LH07$$|391|122050|484454|POINT (122050.0 484464.0)
$$LC03$$|392|121220|484285|POINT (121220.0 484295.0)
$$LC04$$|393|121279|484294|POINT (121279.0 484304.0)
$$LJ01$$|394|122160|484536|POINT (122160.0 484546.0)
$$LJ02$$|395|122228|484661|POINT (122228.0 484671.0)
$$LJ03$$|396|122232|484582|POINT (122232.0 484592.0)
$$LC05$$|397|121353|484299|POINT (121353.0 484309.0)
$$LC06$$|398|121425|484304|POINT (121425.0 484314.0)
$$LC07$$|399|121263|484173|POINT (121263.0 484183.0)
$$LC08$$|400|121392|484202|POINT (121392.0 484212.0)
$$LJ04$$|401|122267|484507|POINT (122267.0 484517.0)
$$LJ05$$|402|122284|484454|POINT (122284.0 484464.0)
$$LJ06$$|403|122307|484680|POINT (122307.0 484690.0)
$$LJ07$$|404|122370|484692|POINT (122370.0 484702.0)
$$LJ08$$|405|122353|484608|POINT (122353.0 484618.0)
$$LJ09$$|406|122400|484537|POINT (122400.0 484547.0)
$$LC09$$|407|121272|484053|POINT (121272.0 484063.0)
$$LC10$$|408|121330|484072|POINT (121330.0 484082.0)
$$LC11$$|409|121390|484103|POINT (121390.0 484113.0)
$$LC12$$|410|121464|484117|POINT (121464.0 484127.0)
$$LJ10$$|411|122455|484493|POINT (122455.0 484503.0)
$$LJ11$$|412|122461|484632|POINT (122461.0 484642.0)
$$LC13$$|413|121367|483950|POINT (121367.0 483960.0)
$$LC14$$|414|121476|484019|POINT (121476.0 484029.0)
$$LC15$$|415|121409|483855|POINT (121409.0 483865.0)
$$LC16$$|416|121530|483920|POINT (121530.0 483930.0)
$$LK01$$|417|122213|484300|POINT (122213.0 484310.0)
$$LK02$$|418|122308|484350|POINT (122308.0 484360.0)
$$LK03$$|419|122478|484388|POINT (122478.0 484398.0)
$$LK04$$|420|122321|484291|POINT (122321.0 484301.0)
$$MD01$$|421|123392|485000|POINT (123392.0 485010.0)
$$MD03$$|422|123439|485056|POINT (123439.0 485066.0)
$$LC17$$|423|121457|483825|POINT (121457.0 483835.0)
$$LC18$$|424|121572|483844|POINT (121572.0 483854.0)
$$LK05$$|425|122530|484290|POINT (122530.0 484300.0)
$$LK06$$|426|122240|484179|POINT (122240.0 484189.0)
$$LK09$$|427|122267|484056|POINT (122267.0 484066.0)
$$MD24$$|428|123773|485201|POINT (123773.0 485211.0)
$$MD25$$|429|123811|485159|POINT (123811.0 485169.0)
$$MG01$$|430|123865|485305|POINT (123865.0 485315.0)
$$MG02$$|431|123943|485367|POINT (123943.0 485377.0)
$$MG03$$|432|124008|485406|POINT (124008.0 485416.0)
$$MG04$$|433|124074|485443|POINT (124074.0 485453.0)
$$MG05$$|434|124160|485494|POINT (124160.0 485504.0)
$$AE49$$|435|119540|485897|POINT (119540.0 485907.0)
$$AD35$$|436|119641|486688|POINT (119641.0 486698.0)
